Found 5 blobs, 0 address entries

Found 106 register writes in 2 operation groups. Use --decode-writes or --cfg-writes to decode them.

% blob[1] dma=0xc0001000 size=4096 actual=4096 scratch_with_data (8 non-zero bytes)
  first 64B: 00 3c 00 40 00 42 00 44 00 45 00 46 00 47 00 48 00 00 00 00 00 00 00 00 00 00 00 00 00 00 00 00 00 00 00 00 00 00 00 00 00 00 00 00 00 00 00 00 00 00 00 00 00 00 00 00 00 00 00 00 00 00 00 00

% blob[2] dma=0xc0007000 size=4096 actual=4096 scratch_with_data (1 non-zero bytes)
  first 64B: 00 53 00 00 00 00 00 00 00 00 00 00 00 00 00 00 00 00 00 00 00 00 00 00 00 00 00 00 00 00 00 00 00 00 00 00 00 00 00 00 00 00 00 00 00 00 00 00 00 00 00 00 00 00 00 00 00 00 00 00 00 00 00 00

% blob[3] dma=0xc0008000 size=4096 actual=4096 scratch (all zeros)
  first 64B: 00 00 00 00 00 00 00 00 00 00 00 00 00 00 00 00 00 00 00 00 00 00 00 00 00 00 00 00 00 00 00 00 00 00 00 00 00 00 00 00 00 00 00 00 00 00 00 00 00 00 00 00 00 00 00 00 00 00 00 00 00 00 00 00

% blob[7] dma=0xc0005000 size=4096 actual=4096 scratch_with_data (41 non-zero bytes)
  first 64B: 00 00 01 00 80 00 00 00 01 00 01 00 08 00 00 00 00 00 00 00 00 00 00 00 00 00 00 00 02 00 ff ff 00 00 00 00 00 00 00 00 00 00 00 00 00 00 00 00 00 00 00 00 00 00 00 00 02 00 ff ff 00 00 00 00

% blob[8] dma=0xc0006000 size=4096 actual=4096 scratch (all zeros)
  first 64B: 00 00 00 00 00 00 00 00 00 00 00 00 00 00 00 00 00 00 00 00 00 00 00 00 00 00 00 00 00 00 00 00 00 00 00 00 00 00 00 00 00 00 00 00 00 00 00 00 00 00 00 00 00 00 00 00 00 00 00 00 00 00 00 00

